11 15 10 14 9 10 5 15 9 
14 8 15 15 14 8 11 8 12 13 17 
8 13 15 13 3 15 17 9 
6 16 14 8 12 15 6 17 
5 13 6 5 13 9 11 13 
13 19 20 11 9 15 14 12 5 12 9 13 
6 8 11 6 9 19 9 9 12 10 
17 16 9 17 8 14 11 12 12 12 11 11 8 9 18 
9 8 15 4 
10 8 4 14 7 
3 3 6 2 8 13 4 
5 13 16 16 5 7 11 11 
14 20 7 12 10 
9 6 7 8 8 15 10 
15 11 5 15 2 
5 4 10 7 12 14 16 
15 10 5 4 11 15 8 16 12 16 6 
12 17 17 15 17 13 9 8 11 8 14 8 17 3 
5 8 12 20 11 4 10 12 11 16 15 5 6 
10 8 4 9 10 7 14 9 
11 7 16 12 11 7 19 10 5 14 9 17 9 11 8 
19 12 12 13 12 15 12 17 14 12 10 11 13 
10 11 5 6 11 16 7 6 2 14 
9 12 12 12 18 12 12 15 8 8 19 7 6 10 9 10 
8 17 14 18 9 7 14 20 4 8 7 
8 13 17 12 6 10 20 16 10 14 9 15 
9 4 12 20 10 10 16 18 16 9 
18 16 18 12 9 16 8 11 6 
9 13 13 11 12 14 7 7 11 6 13 15 14 
16 11 8 17 15 10 19 14 9 10 14 13 7 
20 10 15 14 5 14 14 9 
17 12 20 11 16 13 10 14 7 14 16 12 9 
